wting 1291 1346 0 7 8 87.5 
tzi-qi 1177 1177 3 5 6 83.3 
brbong 1144 1144 3 3 3 100 
hloke 1127 1186 0 5 7 71.4 
pichew 1099 1142 0 4 6 66.7 
hyun-zhe 1092 1092 2 3 4 75 
mpang 1083 1083 2 2 2 100 
jcheng 1080 1080 2 2 2 100 
edlim 1049 1049 2 4 7 57.1 
ssafiyya 1034 1078 0 2 3 66.7 
jhii 1001 1089 0 2 4 50 
jotan 1000 1044 0 1 2 50 
kleong 999 1038 0 2 4 50 
welim 969 1008 0 3 7 42.9 
leu-lee 953 1000 1 1 3 33.3 
kcheong 917 1000 0 0 2 0 
jng 910 1044 0 3 8 37.5 
lchew 885 1000 0 1 5 20 
joncheng 875 1000 0 1 5 20 
mkhairul 872 1000 0 0 3 0 
mliew 869 1000 0 1 5 20 
jocheng 833 1000 0 0 4 0 
lwilliam 831 1000 0 0 4 0 
